0171c6 26
0171cc 26
0171d2 26
0171d6 26
0171d8 10
0171de 10
0171e2 10
0171e6 10
0171ec 10
0171f2 10
0171f6 10
0171fe 10
017224 10
017228 10
01722e 10
017236 10
01723c 10
017240 10
017244 10
017248 10
01724e 10
017406 10
01740c 10
017410 10
017416 10
017418 10
01741a 10
01741e 10
017422 10
017424 10
017428 10
01742e 10
017434 10
01743a 10
01743c 10
017440 10
017446 10
017448 10
01744a 10
01744c 10
01744e 10
017450 10
017452 10
017454 10
017456 40
01745c 40
017460 40
017466 40
01746a 40
01746c 40
017470 10
017472 40
017478 40
01747c 40
01747e 40
017482 10
0174a0 10
0174a2 10
0174a4 40
0174aa 40
0174ae 40
0174b4 40
0174b8 40
0174ba 40
0174be 10
0174c0 40
0174c6 40
0174ca 40
0174cc 40
0174d0 10
0174f2 10
0174f4 10
017502 10
017504 10
017522 10
017528 10
01753c 10
017542 10
017546 10
017548 10
01754e 10
017550 10
017556 10
01755a 9
017560 9
017564 9
017566 9
01756c 19
017572 19
017578 19
01757a 19
01757e 19
017584 19
01758a 19
01758c 19
01758e 356
017590 356
017592 356
017596 356
01759a 3561
01759c 3561
0175a0 3561
0175a2 3561
0175a6 3561
0175aa 3561
0175ae 3561
0175b2 3561
0175b6 3561
0175ba 3561
0175be 3561
0175c2 3561
0175c6 3561
0175ca 3561
0175ce 3561
0175d2 3561
0175d6 3561
0175da 3561
0175de 3561
0175e2 3561
0175e6 3561
0175ea 3562
0175ee 3562
0175f2 3562
0175f6 3562
0175fa 3562
0175fe 3561
017602 3561
017606 3561
01760a 3561
01760e 3561
017612 3561
017616 3561
01761a 3561
01761e 3561
017622 3561
017626 3561
017628 3561
01762a 3561
01762e 3561
017632 356
017634 356
017636 356
01763a 356
01763e 19
017640 10
017642 10
017644 10
01764a 10
017650 10
017656 10
01765c 10
01765e 10
017662 10
017664 10
017666 10
017668 10
01766e 10
017672 10
017676 10
017678 10
01767a 10
01767c 10
017682 10
017688 10
01768c 10
017690 10
017694 10
017698 10
01769c 10
0176be 10
0176c0 10
0176c4 10
0176c8 9
0176ca 9
0176cc 9
0176d2 9
0176d8 9
0176da 9
0176dc 9
0176e0 9
0176e2 9
0176e4 9
0176ea 9
0176f0 9
0176f6 9
0176fa 162
0176fc 162
0176fe 162
017704 162
017708 3240
01770a 3240
01770c 3240
01770e 3240
017712 720
017714 720
017716 720
01771a 720
01771e 720
017722 720
017726 720
01772a 720
01772e 720
017732 720
017736 720
01773a 720
01773e 720
017742 720
017746 720
01774a 720
01774e 720
017752 720
017756 720
01775a 720
01775e 720
017762 720
017766 720
01776a 720
01776e 720
017772 720
017776 720
01777a 720
01777e 720
017782 720
017786 720
01778a 720
01778e 720
017792 720
017796 720
01779a 3240
01779c 3240
01779e 3240
0177a2 162
0177a6 162
0177a8 162
0177aa 162
0177ac 162
0177b0 10
0177b2 10
0177b6 10
0177b8 10
0177be 10
0177c2 10
0177c4 80
0177c8 80
0177ca 80
0177ce 10
0177d2 10
0177d4 10
0177d6 10
0177da 10
0177dc 10
0177de 10
0177e2 10
0177e4 10
0177e8 10
0177ec 10
0177ee 10
0177f2 10
0177f4 10
0177f8 10
0177fe 10
017802 80
017806 80
01780a 80
01780e 10
0178be 10
0178c4 10
0178d6 10
0178da 10
0178e0 10
0178e4 10
0178ec 10
0178f0 9
0178f6 9
0178fc 9
0178fe 9
017900 9
017904 9
017908 9
01790c 9
017910 9
017914 9
017918 9
01791c 9
017920 9
01792c 9
017930 9
017934 9
017f7c 10
017f7e 10
017f84 10
017f8a 10
017f8c 10
017f92 10
017f96 10
017f9a 10
017f9e 10
017fa2 10
017fa6 10
017faa 10
017fae 10
017fb2 10
017fba 10
017fc0 10
017fc2 10
017fc8 10
017fca 10
017fcc 10
017fce 10
017fd0 10
017fd2 10
017fd4 10
017fd6 10
017fda 10
017fdc 10
017fe2 10
017fe4 10
017fea 10
017ff0 10
017ff4 10
017ffc 10
018000 10
018002 10
018008 10
01800a 10
01800e 10
018012 10
018018 10
01801a 10
01801c 10
018020 10
018022 10
018026 10
018028 10
01802c 10
018032 10
018034 10
018036 10
018038 10
01803a 10
01803c 10
01803e 10
018040 10
018042 10
018046 10
018048 10
01804a 10
01804c 10
01804e 10
018052 10
018058 10
01805a 10
01805c 10
018060 10
018062 10
018064 10
018068 10
01806e 10
018070 10
018074 10
018078 10
01807c 10
018080 10
018084 10
018088 10
01808c 10
018090 10
018094 10
018098 10
01809c 10
0180a2 10
0180a4 10
0180a8 10
0180ac 10
0180b0 10
0180b4 10
0180b8 10
0180be 10
0180c0 10
0180c4 10
0180c8 10
0180cc 10
0180d0 10
0180d4 10
0180da 10
0180dc 10
0180e0 10
0180e4 10
0180e8 10
0180ec 10
018330 10
018336 10
01833c 10
018340 10
018346 10
01834a 10
018350 10
018354 10
01835a 10
018378 10
01837c 10
0183a6 10
0183ac 10
0183b0 10
0183c4 10
0183c8 10
0183e6 10
0183ea 10
018408 10
01840e 11
01933c 518
019342 518
019344 518
019348 518
01934a 518
01934c 518
01934e 518
019350 518
019354 518
