0171c6 209
0171cc 209
0171d2 209
0171d6 209
0171d8 70
0171de 70
0171e2 70
0171e6 70
0171ec 70
0171f2 70
0171f6 70
0171fe 70
017202 3
017208 3
01720c 3
017210 3
017216 3
01721c 3
017224 70
017228 70
01722e 70
017236 70
01723c 70
017240 70
017244 70
017248 70
01724e 70
017406 70
01740c 70
017410 18
017416 18
017418 18
01741a 18
01741e 18
017422 18
017424 18
017428 18
01742e 18
017434 18
01743a 18
01743c 18
017440 18
017446 18
017448 18
01744a 18
01744c 18
01744e 18
017450 18
017452 18
017454 18
017456 72
01745c 72
017460 72
017466 72
01746a 72
01746c 72
017470 18
017472 72
017478 72
01747c 72
01747e 72
017482 18
0174a0 18
0174a2 18
0174a4 72
0174aa 72
0174ae 72
0174b4 72
0174b8 72
0174ba 72
0174be 18
0174c0 72
0174c6 72
0174ca 72
0174cc 72
0174d0 18
0174f2 18
0174f4 18
017502 18
017504 18
017522 18
017528 18
01753c 18
017542 18
017546 18
017548 18
01754e 18
017550 18
017556 18
01755a 18
017560 18
017564 18
017566 18
01756c 36
017572 36
017578 36
01757a 36
01757e 36
017584 36
01758a 36
01758c 36
01758e 648
017590 648
017592 648
017596 648
01759a 6480
01759c 6480
0175a0 6480
0175a2 6480
0175a6 6480
0175aa 6480
0175ae 6480
0175b2 6480
0175b6 6480
0175ba 6480
0175be 6480
0175c2 6480
0175c6 6480
0175ca 6480
0175ce 6480
0175d2 6480
0175d6 6480
0175da 6480
0175de 6480
0175e2 6480
0175e6 6480
0175ea 6480
0175ee 6480
0175f2 6480
0175f6 6480
0175fa 6480
0175fe 6480
017602 6480
017606 6480
01760a 6480
01760e 6480
017612 6480
017616 6480
01761a 6480
01761e 6480
017622 6480
017626 6480
017628 6480
01762a 6480
01762e 6480
017632 648
017634 648
017636 648
01763a 648
01763e 36
017640 70
017642 70
017644 70
01764a 70
017650 70
017656 70
01765c 70
01765e 70
017662 70
017664 70
017666 70
017668 70
01766e 70
017672 70
017676 70
017678 70
01767a 70
01767c 70
017682 70
017688 70
01768c 70
017698 70
01769c 70
0176b0 70
0176b2 70
0176be 70
0176c0 70
0176c4 70
0177b0 70
0177b2 70
0177b6 70
0177b8 70
0177be 70
0177c2 70
0177c4 560
0177c8 560
0177ca 560
0177ce 122
0177d2 122
0177d4 122
0177d6 122
0177da 122
0177dc 122
0177de 122
0177e2 122
0177e4 122
0177e8 122
0177ec 122
0177ee 122
0177f2 122
0177f4 122
0177f8 122
0177fe 122
017802 560
017806 560
01780a 560
01780e 70
0178be 70
0178c4 70
0178d6 70
0178da 18
0178e0 18
0178e4 18
0178ec 18
0178f0 16
0178f6 16
0178fc 16
0178fe 16
017900 16
017904 16
017908 16
01790c 16
017910 16
017914 16
017918 16
01791c 16
017920 16
017924 1
017928 1
01792c 16
017930 16
017934 16
017b0c 5
017b10 5
017b14 5
017b18 5
017b1e 5
017b24 5
017b76 2
017b7c 2
017b82 2
017b86 1
017b8a 1
017b90 1
017b96 1
017b9a 1
017ba2 1
017ca6 5
017cac 5
017cb0 5
017cb4 5
017cb8 5
017cbc 5
017cc0 5
017cc4 5
017cc8 5
017ccc 5
017cce 5
017cd2 5
017cd4 5
017cd8 2
017cda 2
017cde 2
017ce0 2
017ce4 2
017cea 2
017cee 1
017cf2 1
017cf6 1
017cfa 1
017d00 1
017d08 1
017d0c 1
017d12 1
017d18 1
017f7c 122
017f7e 122
017f84 122
017f8a 122
017f8c 122
017f92 122
017f96 122
017f9a 122
017f9e 122
017fa2 122
017fa6 122
017faa 122
017fae 122
017fb2 122
017fba 122
017fc0 122
017fc2 122
017fc8 122
017fca 122
017fcc 122
017fce 122
017fd0 122
017fd2 122
017fd4 122
017fd6 122
017fda 122
017fdc 122
017fe2 122
017fe4 122
017fea 122
017ff0 122
017ff4 122
017ffc 122
018000 122
018002 122
018008 122
01800a 122
01800e 122
018012 122
018018 122
01801a 122
01801c 122
018020 122
018022 122
018026 122
018028 122
01802c 122
018032 122
018034 122
018036 122
018038 122
01803a 122
01803c 122
01803e 122
018040 122
018042 122
018046 122
018048 122
01804a 122
01804c 122
01804e 122
018052 122
018058 122
01805a 122
01805c 122
018060 122
018062 122
018064 122
018068 122
01806e 122
018070 122
018074 122
018078 122
01807c 122
018080 122
018084 122
018088 122
01808c 122
018090 122
018094 122
018098 122
01809c 122
0180a2 122
0180a4 122
0180a8 122
0180ac 122
0180b0 122
0180b4 122
0180b8 122
0180be 122
0180c0 122
0180c4 122
0180c8 122
0180cc 122
0180d0 122
0180d4 122
0180da 122
0180dc 122
0180e0 122
0180e4 122
0180e8 122
0180ec 122
018330 70
018336 70
01833c 70
018340 70
018346 70
01834a 70
018350 70
018354 70
01835a 70
01835e 52
018364 52
018368 52
018370 52
018374 46
018378 18
01837c 18
018380 1
018386 1
0183a6 17
0183ac 18
0183b0 18
0183c4 18
0183c8 18
0183e6 18
0183ea 18
018408 18
01840e 75
01850e 52
018514 52
01851a 52
01851e 52
018520 52
018522 52
018524 52
018526 52
018528 52
01852a 52
01852e 52
018530 52
018534 52
018536 52
01853a 52
01853c 52
01853e 74880
018540 74880
018544 74880
018548 74880
01854c 74880
01854e 74880
018552 7488
018554 7488
018558 7488
01855a 7488
01855e 52
01858c 6
01858e 6
018592 6
018596 6
01859e 6
0185c0 6
0185c6 6
0185ca 6
0185ce 6
0185d2 6
0185d6 2
0185dc 2
0185e0 2
0185e6 2
0185ea 6
0185f0 6
0185f4 6
018604 6
018608 6
018620 6
018624 6
018634 6
018638 6
018650 6
018652 6
018654 46
018656 46
01865a 46
01865e 46
018666 46
018686 46
01868a 46
01869a 46
01869e 46
0186b6 46
0186ba 46
0186ca 46
0186ce 46
0186e6 46
0186ea 46
0186ee 5
0186f4 5
0186f8 2
0186fc 41
018702 46
018704 46
018706 3
01870c 3
018710 3
018714 3
01871a 3
018720 3
018722 3
018726 3
018728 3
01872c 3
018730 14
018732 14
018736 14
01873a 14
01873c 14
018740 12
018744 12
018748 12
01874c 12
018750 6
018754 6
018758 11
01875c 11
018760 3
018766 3
018768 3
01876e 3
018772 3
018774 3
018778 3
01877a 3
01877e 3
018782 1
018786 1
01878a 1
01878e 1
018792 1
018796 1
01879a 1
01879e 1
0187a2 1
0187a6 1
0187aa 1
0187b2 3
0187b4 3
0187ba 3
0187bc 3
0187c0 3
0187c2 3
0187c8 3
0187ca 25
0187ce 11
0187d6 1
0187d8 1
0187de 1
0187e8 1
0187ee 1
0187f4 1
0187fa 1
018800 1
018806 1
01880c 1
018862 1
018866 1
01886a 1
01886e 1
018876 1
01887a 1
018880 1
018886 1
01888c 1
018892 1
018898 2
01889a 2
0188a0 2
018f3c 2
018f3e 2
018f44 2
018f48 2
018f4e 2
018f54 2
018f58 2
018f5c 2
018f62 2
018f6c 2
018f72 2
018f76 2
018f7a 2
018f82 2
018f88 2
018f8c 2
018f90 2
018f96 2
018fa0 2
018fa6 2
018faa 2
018fae 2
018fb6 2
018fb8 2
01933c 648
019342 648
019344 648
019348 648
01934a 648
01934c 648
01934e 648
019350 648
019354 648
