0171c6 1274
0171cc 1273
0171d2 1273
0171d6 1273
0171d8 438
0171de 438
0171e2 438
0171e6 439
0171ec 439
0171f2 439
0171f6 439
0171fe 439
017224 439
017228 439
01722e 439
017236 439
01723c 439
017240 439
017244 439
017248 439
01724e 439
017406 438
01740c 438
017410 145
017416 145
017418 145
01741a 145
01741e 145
017422 145
017424 145
017428 145
01742e 145
017434 145
01743a 145
01743c 145
017440 145
017446 145
017448 145
01744a 145
01744c 145
01744e 145
017450 145
017452 145
017454 145
017456 484
01745c 484
017460 465
017466 465
01746a 452
01746c 452
017470 145
017472 541
017478 541
01747c 528
01747e 528
017482 132
017486 13
01748a 13
01748c 13
017490 19
017494 19
017496 19
01749a 13
01749e 13
0174a0 145
0174a2 145
0174a4 484
0174aa 484
0174ae 465
0174b4 465
0174b8 452
0174ba 452
0174be 145
0174c0 541
0174c6 541
0174ca 528
0174cc 528
0174d0 132
0174d4 13
0174d8 13
0174da 13
0174de 19
0174e2 19
0174e4 19
0174e8 13
0174ec 13
0174f0 13
0174f2 145
0174f4 145
0174f8 32
0174fa 32
0174fe 32
017502 113
017504 113
017522 113
017528 113
01752c 84
017532 84
017536 84
017538 84
01753c 29
017542 29
017546 29
017548 145
01754e 145
017550 145
017556 145
01755a 145
017560 145
017564 145
017566 145
01756c 290
017572 290
017578 290
01757a 290
01757e 290
017584 290
01758a 290
01758c 290
01758e 5237
017590 5237
017592 5237
017596 5237
01759a 52376
01759c 52376
0175a0 52376
0175a2 52376
0175a6 52376
0175aa 52376
0175ae 52376
0175b2 52376
0175b6 52376
0175ba 52376
0175be 52376
0175c2 52376
0175c6 52376
0175ca 52376
0175ce 52376
0175d2 52376
0175d6 52376
0175da 52376
0175de 52376
0175e2 52376
0175e6 52376
0175ea 52377
0175ee 52377
0175f2 52377
0175f6 52377
0175fa 52377
0175fe 52377
017602 52377
017606 52377
01760a 52377
01760e 52377
017612 52377
017616 52377
01761a 52377
01761e 52377
017622 52377
017626 52377
017628 52377
01762a 52377
01762e 52377
017632 5238
017634 5238
017636 5238
01763a 5238
01763e 291
017640 438
017642 438
017644 438
01764a 438
017650 438
017656 438
01765c 438
01765e 438
017662 438
017664 438
017666 438
017668 438
01766e 438
017672 438
017676 438
017678 438
01767a 438
01767c 438
017682 438
017688 438
01768c 438
017690 338
017694 338
017698 438
01769c 438
0176a0 171
0176a4 171
0176b0 100
0176b2 100
0176be 267
0176c0 438
0176c4 438
0176c8 423
0176ca 423
0176cc 423
0176d2 423
0176d8 423
0176da 423
0176dc 423
0176e0 423
0176e2 423
0176e4 423
0176ea 423
0176f0 423
0176f6 423
0176fa 7614
0176fc 7614
0176fe 7614
017704 7614
017708 152280
01770a 152280
01770c 152280
01770e 152280
017712 4866
017714 4866
017716 4866
01771a 4866
01771e 4866
017722 4866
017726 4866
01772a 4866
01772e 4866
017732 4866
017736 4866
01773a 4866
01773e 4866
017742 4866
017746 4866
01774a 4866
01774e 4866
017752 4866
017756 4866
01775a 4866
01775e 4866
017762 4866
017766 4866
01776a 4866
01776e 4866
017772 4866
017776 4866
01777a 4866
01777e 4866
017782 4866
017786 4866
01778a 4866
01778e 4866
017792 4866
017796 4866
01779a 152280
01779c 152280
01779e 152280
0177a2 7614
0177a6 7614
0177a8 7614
0177aa 7614
0177ac 7614
0177b0 438
0177b2 438
0177b6 438
0177b8 439
0177be 439
0177c2 439
0177c4 3512
0177c8 3512
0177ca 3512
0177ce 439
0177d2 439
0177d4 439
0177d6 439
0177da 439
0177dc 439
0177de 439
0177e2 439
0177e4 439
0177e8 439
0177ec 439
0177ee 439
0177f2 439
0177f4 439
0177f8 439
0177fe 439
017802 3512
017806 3512
01780a 3512
01780e 439
0178be 439
0178c4 439
0178d6 439
0178da 146
0178e0 146
0178e4 140
0178ec 140
0178f0 65
0178f6 65
0178fc 65
0178fe 65
017900 65
017904 65
017908 65
01790c 65
017910 65
017914 65
017918 65
01791c 65
017920 65
017924 4
017928 4
01792c 65
017930 65
017934 65
017f7c 439
017f7e 439
017f84 439
017f8a 439
017f8c 439
017f92 439
017f96 439
017f9a 439
017f9e 439
017fa2 439
017fa6 439
017faa 439
017fae 439
017fb2 439
017fba 439
017fc0 439
017fc2 439
017fc8 439
017fca 439
017fcc 439
017fce 439
017fd0 439
017fd2 439
017fd4 439
017fd6 439
017fda 439
017fdc 439
017fe2 439
017fe4 439
017fea 439
017ff0 439
017ff4 439
017ffc 439
018000 439
018002 439
018008 439
01800a 439
01800e 439
018012 439
018018 439
01801a 439
01801c 439
018020 439
018022 439
018026 439
018028 439
01802c 439
018032 439
018034 439
018036 439
018038 439
01803a 439
01803c 439
01803e 439
018040 439
018042 439
018046 439
018048 439
01804a 439
01804c 439
01804e 439
018052 439
018058 439
01805a 439
01805c 439
018060 439
018062 439
018064 439
018068 439
01806e 439
018070 439
018074 439
018078 439
01807c 439
018080 439
018084 439
018088 439
01808c 439
018090 439
018094 439
018098 439
01809c 439
0180a2 439
0180a4 439
0180a8 439
0180ac 439
0180b0 439
0180b4 439
0180b8 439
0180be 439
0180c0 439
0180c4 439
0180c8 439
0180cc 439
0180d0 439
0180d4 439
0180da 439
0180dc 439
0180e0 439
0180e4 439
0180e8 439
0180ec 439
018330 439
018336 439
01833c 439
018340 439
018346 439
01834a 439
018350 439
018354 439
01835a 439
01835e 293
018364 293
018378 146
01837c 146
018380 4
018386 4
0183a6 142
0183ac 146
0183b0 146
0183b4 12
0183bc 12
0183c0 6
0183c4 134
0183c8 134
0183e6 134
0183ea 134
018408 140
01840e 226
018410 6
018416 6
01841c 6
018422 6
018424 6
018428 6
01842e 6
018430 6
018434 6
01843a 6
01843e 6
018446 6
01844a 6
01844e 6
018454 6
018458 6
018460 6
018464 6
01846a 6
018470 6
018472 6
018474 6
01847a 6
018480 6
018482 6
018486 6
018488 6
01848a 6
01848e 6
018492 6
018496 6
01849a 4
0184a0 4
0184a6 4
0184ac 4
0184ae 4
0184b2 19
0184b4 19
0184b8 19
0184bc 15
0184c0 4
0184c6 4
0184cc 4
0184d0 4
0184d2 4
0184d8 4
0184de 4
0184e0 4
0184e8 4
0184ee 4
0184f0 4
018506 2
01850c 2
01850e 297
018514 297
01851a 297
01851e 297
018520 297
018522 297
018524 297
018526 297
018528 297
01852a 297
01852e 297
018530 297
018534 297
018536 297
01853a 297
01853c 297
01853e 427680
018540 427680
018544 427680
018548 427680
01854c 427680
01854e 427680
018552 42768
018554 42768
018558 42768
01855a 42768
01855e 297
018654 293
018656 293
01865a 293
01865e 292
018666 292
01866a 1
018670 1
018672 1
01867a 1
01867e 1
018686 293
01868a 293
01868e 1
018692 1
01869a 293
01869e 293
0186b6 293
0186ba 293
0186ca 293
0186ce 293
0186e6 293
0186ea 293
0186ee 19
0186f4 19
0186f8 7
0186fc 274
018702 293
018704 293
018706 12
01870c 12
018710 12
018714 12
01871a 12
018720 12
018722 12
018726 12
018728 12
01872c 12
018730 55
018732 55
018736 55
01873a 58
01873c 58
018740 47
018744 47
018748 41
01874c 41
018750 15
018754 15
018758 46
01875c 46
018760 12
018766 12
018768 12
01876e 12
018772 12
018774 12
018778 12
01877a 12
01877e 12
0187b2 12
0187b4 12
0187ba 12
0187bc 12
0187c0 12
0187c2 12
0187c8 12
0187ca 101
0187ce 43
0187d6 4
0187d8 4
0187de 4
0187e8 4
0187ee 4
0187f4 4
0187fa 4
018800 4
018806 4
01880c 4
018810 1
018812 1
018818 1
01881c 1
01882e 1
018832 1
01883c 1
018846 1
01884c 1
018852 3
018858 3
01885e 3
018880 3
018886 3
01888c 3
018892 3
018898 3
01889a 3
0188a0 3
0188a4 2
0188a6 2
0188ac 2
0188b0 2
0188b6 2
0188ba 1
0188c0 1
0188c4 1
0188ca 1
0188ce 1
0188d2 1
0188d6 1
0188dc 1
0188e2 1
0188e6 1
0188e8 1
0188ee 1
0188f2 1
0188f8 1
0188fc 1
018902 1
018908 1
01890c 1
01890e 1
018914 1
018918 1
01891e 1
018f1a 5
018f20 5
018f2a 5
018f2e 4
018f32 4
018f38 4
01933c 12851
019342 12851
019344 12851
019348 12851
01934a 12851
01934c 12851
01934e 12851
019350 12851
019354 12851
